[[ 42.27212294 -71.07795266  42.26879219 -71.09265066  42.2701646
  -71.10309021  42.2760713  -71.09726628  42.27784541 -71.09740657
   42.33542556 -71.10814943  42.32769117 -71.098235    42.32983909
  -71.10998641  42.32493645 -71.10950173  42.32506631 -71.10915836
   42.31448266 -71.09414482  42.31799641 -71.09166264  42.25729092
  -71.11883873  42.25199321 -71.12313497  42.25112731 -71.13451287
   42.2504785  -71.14113494  42.24439088 -71.1349884   42.27770636
  -71.10232075  42.29690136 -71.11354781  42.28328999 -71.13285331
   42.29940423 -71.07503328  42.30069678 -71.08277163  42.28610955
  -71.08214358  42.28959639 -71.09009368  42.28342054 -71.09353449
   42.30274378 -71.05881265  42.30294506 -71.06730289  42.30900278
  -71.06688641  42.30858389 -71.06938177  42.31049927 -71.06414307
   42.29372642 -71.13189585  42.29085319 -71.06532216  42.28772064
  -71.03958956  42.28729548 -71.06124927  42.26390269 -71.16217582
   42.27928818 -71.05084533  42.27935236 -71.04958568  42.26430344
  -71.16203528  42.28689514 -71.0716572   42.28645798 -71.07571634
   42.26385608 -71.15973648  42.28380214 -71.07495868  42.27944899
  -71.07160369  42.27326479 -71.06167172  42.27228848 -71.0633277
   42.28714727 -71.06557851  42.27151289 -71.07825969  42.27134701
  -71.08867747  42.27501806 -71.08897487  42.26999164 -71.10160712
   42.27315602 -71.1069226   42.27528067 -71.10097625  42.27682745
  -71.12372699  42.26808598 -71.11303448  42.27024168 -71.12686281
   42.272215   -71.12648695  42.26138747 -71.13114855  42.23962534
  -71.13492684  42.24068461 -71.13657408  42.32191702 -71.10989178
   42.29959122 -71.11572904  42.28728992 -71.13088521  42.29231741
  -71.13258719  42.26955496 -71.14830846  42.29280818 -71.13150911
   42.27211797 -71.16106185  42.29082085 -71.1488244   42.28852641
  -71.1531342   42.28574581 -71.16569107  42.29340775 -71.16592791
   42.28893948 -71.18326548  42.27343482 -71.16418895  42.27541433
  -71.16573212  42.26355332 -71.15845826  42.2700298  -71.1463314
   42.35015279 -71.13292493  42.36074623 -71.12729622  42.36531505
  -71.03556603  42.36034016 -71.13556185  42.35791253 -71.12972451
   42.35317647 -71.14537563  42.35846374 -71.15238156  42.35594589
  -71.16464748  42.35505127 -71.17153255  42.35533956 -71.17204243
   42.24037814 -71.13635651  42.31819578 -71.10688089  42.31784603
  -71.11058885  42.31976182 -71.12572308  42.30694493 -71.12379625
   42.30485203 -71.12667038  42.29658456 -71.11239579  42.32235768
  -71.09260594  42.32444649 -71.0965599   42.32440568 -71.09651573
   42.36899713 -71.03891161  42.37373558 -71.03505423  42.38300059
  -71.07014826  42.38304652 -71.06816654  42.37263686 -71.06257019
   42.3717083  -71.06271805  42.37095722 -71.06453423  42.36730104
  -71.05586088  42.35863067 -71.0548275   42.34886725 -71.06034283
   42.34061352 -71.06770956  42.34164809 -71.06411375  42.34662274
  -71.07383319  42.3465262  -71.07976289  42.3395648  -71.10269419
   42.35221962 -71.08559258  42.33421622 -71.05164937  42.3389004
  -71.04940128  42.34306642 -71.03765955  42.32089878 -71.06887819
   42.32834991 -71.08724308  42.32280707 -71.07054264  42.32892541
  -71.0864092 ]]